chr27	71908	74671	NM_001007473	0	+	71917	73949	0	3	250,149,198,	0,1910,2565,
chr27	81462	392304	NM_001319011	0	-	81492	392303	0	6	36,107,48,264,52,330,	0,504,1680,2168,31333,310512,
chr27	303544	303654	NR_105587	0	+	303654	303654	0	1	110,	0,
chr27	317888	317998	NR_105515	0	+	317998	317998	0	1	110,	0,
chr27	705932	706599	NM_001277773	0	+	705958	706264	0	1	667,	0,
chr27	741837	742485	NM_001277772	0	+ 	741844	742150	0	1	648,	0,
chr27	816874	817608	NM_001277770	0	+	816900	817206	0	1	734,	0,
chr27	822198	823211	NM_001277771	0	+	822603	822909	0	2	22,629,	0,384,
chr27	1033995	1046549	NM_001080864	0	-	1037747	1046482	0	7	1731,1447,141,133,109,65,96,	0,2467,5913,8212,9323,10439,12458,
chr27	1097511	1119374	NM_001081696	0	+	1097518	1119374	0	5	87,242,141,125,480,	0,14718,19778,19920,21383,
chr27	1117211	1117321	NR_105565	0	+	1117321	1117321	0	1	110,	0,
chr27	1121298	1178779	NM_001024456	0	-	1122774	1178774	0	21	1486,56,114,135,80,67,134,157,96,188,75,166,200,156,76,108,167,40,100,86,17,	0,2062,7552,8186,14467,14704,15950,16655,17021,19692,21214,21549,23477,33277,36603,37301,38002,41720,43642,49730,57464,
chr27	1202327	1210569	NM_001007884	0	-	1203569	1210550	0	5	1430,59,136,88,202,	0,2100,2458,3717,8040,
chr27	1228979	1232266	NM_205503	0	-	1229532	1230717	0	3	1757,75,108,	0,1883,3179,
chr27	1243458	1259114	NM_001031501	0	-	1243942	1258624	0	28	580,108,154,95,119,88,127,87,83,102,141,112,194,128,136,91,64,125,167,83,91,36,66,76,79,166,106,38,	0,679,1359,1771,2350,2666,3164,3562,4644,4960,5277,5621,6088,6771,7176,7700,8160,9865,10549,11165,11541,12541,12789,13123,14405,14651,15061,15618,
chr27	1272000	1279347	NM_001030928	0	-	1272682	1279318	0	15	732,86,96,508,194,116,115,89,75,177,198,111,105,158,345,	0,985,1190,1391,2266,2588,2901,3174,3406,3818,4069,4978,5278,5830,7002,
chr27	1353334	1366543	NM_001030927	0	-	1355105	1366532	0	14	1941,145,107,345,151,164,105,132,130,138,609,211,70,264,	0,2436,3274,3617,4543,5046,5831,6300,7032,7653,8186,8921,12391,12945,
chr27	1469986	1470105	NR_105440	0	+	1470105	1470105	0	1	119,	0,
chr27	1491228	1505933	NM_001030924	0	-	1491228	1503220	0	9	155,65,895,235,259,624,248,77,37,	0,1241,4763,6215,8455,9258,10591,11950,14668,
chr27	1517260	1522082	NM_204546	0	-	1517823	1522068	0	7	665,89,99,154,123,180,101,	0,1284,2136,2335,3145,3398,4721,
chr27	1522160	1526512	NM_204359	0	-	1522257	1526479	0	6	280,14,162,117,161,43,	0,284,1366,2674,3233,4309,
chr27	1528904	1533332	NM_001006328	0	-	1529708	1533236	0	6	903,42,119,312,42,163,	0,1208,1498,2157,2805,4265,
chr27	1536756	1559549	NM_001318445	0	-	1536756	1559549	0	28	1193,271,105,141,54,279,123,174,155,218,46,269,33,155,129,174,239,124,156,213,142,64,297,92,129,97,121,264,	0,1333,2201,2524,3264,4557,5036,5672,6126,6443,6899,7027,7573,8073,12841,13303,14450,15064,15372,16425,17444,17967,19271,20922,21100,21684,22132,22529,
chr27	1566922	1573625	NM_001104958	0	-	1566922	1573625	0	11	131,92,67,61,154,133,98,110,108,115,69,	0,265,436,720,1011,1507,1775,2026,2589,4583,6634,
chr27	1572436	1572699	NM_001104958	0	-	1572444	1572699	0	1	263,	0,
chr27	1600049	1607179	NM_001030925	0	-	1601933	1606991	0	17	471,36,84,77,148,96,81,101,105,116,195,100,80,47,106,108,19,	0,481,1884,2120,2285,2678,4116,4280,4538,5470,5673,6004,6318,6485,6695,6875,7111,
chr27	1607671	1611163	NM_001292069	0	+	1607704	1611117	0	12	72,72,70,98,57,231,127,191,99,111,87,100,	0,321,887,1110,1466,1656,1964,2253,2565,2816,3028,3392,
chr27	2132524	2157408	NM_204321	0	+	2132662	2157388	0	13	189,85,120,86,107,121,154,61,73,86,136,42,161,	0,7203,15361,16885,18012,19059,19460,19921,20810,21986,22981,23307,24723,
chr27	2207679	2225804	NM_204315	0	+	2207722	2223946	0	17	101,86,193,253,163,162,96,90,135,430,223,101,120,167,892,169,63,	0,3272,6962,8812,9444,10392,10694,10996,11531,12090,14020,14412,14635,15368,16198,17881,18062,
chr27	2238732	2251624	NM_001006329	0	+	2238756	2251297	0	9	116,92,353,50,61,140,109,57,479,	0,1661,4939,6653,7164,8059,9969,10291,12413,
chr27	2567618	2583871	NM_001167732	0	+	2567837	2583397	0	25	432,168,88,144,192,98,173,224,145,99,123,212,137,159,88,144,192,98,173,224,145,99,123,188,671,	0,3325,4603,5126,5503,5824,6187,6601,8425,8885,9213,9904,10493,10784,11350,11640,11990,12313,12677,13198,13640,13984,14461,15122,15582,
chr27	2597674	2610680	NM_001305113	0	+	2597674	2609618	0	11	215,429,400,200,253,194,100,288,181,199,1350,	0,4160,5329,5979,7791,8547,8945,9295,9987,11093,11656,
chr27	2612005	2629022	NM_001079504	0	+	2612949	2622690	0	9	27,403,159,112,119,210,118,1820,912,	0,679,7192,7790,8288,9043,9842,10512,16105,
chr27	2678999	2683694	NM_001006330	0	-	2679570	2682194	0	5	731,140,45,136,62,	0,959,1216,3153,4633,
chr27	2689830	2695878	NM_001004396	0	+	2689837	2695841	0	10	107,77,105,108,110,107,90,94,107,126,	0,389,562,2528,2914,3221,3758,4687,5355,5922,
chr27	2696784	2707899	NM_001012844	0	-	2698056	2702172	0	12	1425,43,242,105,172,124,109,122,103,58,61,51,	0,1885,2420,2915,3322,4114,4365,4603,5336,9708,10933,11064,
chr27	2696784	2707899	NM_001305194	0	-	2698056	2702172	0	12	1425,43,242,105,172,124,109,122,103,58,85,51,	0,1885,2420,2915,3322,4114,4365,4603,5336,9708,10909,11064,
chr27	2696784	2707899	NM_001305193	0	-	2698056	2707729	0	11	1425,43,242,105,172,124,109,122,103,61,51,	0,1885,2420,2915,3322,4114,4365,4603,5336,10933,11064,
chr27	2696784	2707899	NM_001305192	0	-	2698056	2707729	0	13	1425,43,242,105,172,124,109,122,103,29,58,61,51,	0,1885,2420,2915,3322,4114,4365,4603,5336,8880,9708,10933,11064,
chr27	2696784	2707899	NM_001305191	0	-	2698056	2707729	0	13	1425,43,242,105,172,124,109,122,103,29,58,85,51,	0,1885,2420,2915,3322,4114,4365,4603,5336,8880,9708,10909,11064,
chr27	2718319	2734738	NM_001030926	0	+	2719702	2733414	0	18	94,237,151,62,37,150,105,120,177,129,100,48,98,277,227,111,102,2044,	0,1367,1731,2481,3296,4735,5162,5843,6472,7145,7842,8604,9195,10585,11581,13023,13667,14375,
chr27	2743973	2749167	NM_205479	0	+	2744062	2748348	0	7	188,28,150,174,78,44,244,	0,813,2418,3069,3679,4346,4950,
chr27	2752684	2780063	NM_001006331	0	+	2752861	2778753	0	19	204,76,148,126,98,155,215,115,116,100,208,170,153,209,118,129,75,181,1393,	0,5857,9007,11553,12366,12981,13247,14105,16759,17296,18050,19352,20767,21742,22177,22692,23701,24663,25986,
chr27	2785697	3030449	NM_204514	0	+	3026871	3029659	0	10	23,154,104,131,31,158,127,107,154,843,	0,241130,241373,241584,241970,242201,242659,243087,243441,243909,
chr27	2857110	2885074	NM_001199193	0	-	2857331	2880672	0	12	437,113,82,93,266,52,57,66,72,87,80,80,	0,2642,2898,7328,10521,11230,14260,19821,21072,22147,23498,27884,
chr27	2986850	2998323	NM_001031341	0	-	2988550	2998121	0	15	1802,107,147,94,141,90,192,111,99,90,83,240,177,148,217,	0,2411,2996,3326,3754,4702,5108,6027,6303,7079,7409,8038,8466,9762,11256,
chr27	3124980	3125340	NM_001146133	0	-	3124980	3125340	0	1	360,	0,
chr27	3250186	3259338	NM_204765	0	+	3250403	3258345	0	3	644,173,1116,	0,3436,8036,
chr27	3312564	3321761	NM_001177735	0	+	3313141	3321607	0	7	38,126,162,143,117,96,367,	0,539,6094,6759,7158,8309,8830,
chr27	3378977	3382733	NM_204845	0	+	3379050	3382638	0	2	118,857,	0,2899,
chr27	3390749	3391215	NM_001302108	0	+	3390749	3390876	0	1	466,	0,
chr27	3408156	3435193	NM_205071	0	-	3408318	3435081	0	15	255,114,132,75,117,123,136,123,135,282,64,52,49,61,287,	0,870,1080,1495,1708,2027,2276,2763,3115,3674,4626,4980,5544,25399,26750,
chr27	3444185	3451841	NM_001080104	0	+	3446286	3451723	0	6	47,126,147,132,93,128,	0,2046,3187,3708,6364,7528,
chr27	3553096	3553191	NR_031492	0	+	3553191	3553191	0	1	95,	0,
chr27	3578953	3580585	NM_204911	0	+	3578994	3580533	0	3	462,242,115,	0,1274,1517,
chr27	3584381	3587216	NM_001025355	0	+	3584441	3586620	0	14	218,29,8,6,6,4,1,14,5,8,29,18,22,845,	0,222,875,884,891,898,903,905,920,926,935,965,984,1990,
chr27	3615198	3617697	NM_204743	0	+	3615198	3617447	0	2	436,1014,	0,1485,
chr27	3638118	3642429	NM_001080859	0	+	3638118	3641316	0	2	607,1439,	0,2872,
chr27	3860702	3864374	NM_001193585	0	+	3860717	3864374	0	7	60,196,118,99,49,150,174,	0,1337,1975,2238,2961,3277,3498,
chr27	3899719	3899798	NR_035233	0	+	3899798	3899798	0	1	79,	0,
chr27	3916477	3921039	NM_001281515	0	-	3916477	3918487	0	8	312,81,99,49,109,51,60,127,	0,854,1020,1211,1594,1794,1950,4435,
chr27	3957110	3959070	NM_001321599	0	-	3957147	3959045	0	5	120,114,129,84,38,	0,278,1167,1604,1922,
chr27	3965131	3981815	NM_001177329	0	+	3965131	3979222	0	7	97,85,151,95,110,40,1829,	0,6798,12998,13225,13917,14058,14855,
chr27	4012007	4015020	NM_001030929	0	+	4012039	4014949	0	6	37,107,123,121,111,195,	0,324,1573,1837,2224,2818,
chr27	4074314	4092016	NM_204791	0	-	4075407	4091962	0	36	437,766,221,126,53,148,141,106,210,84,138,92,196,201,135,232,149,122,115,93,110,106,111,126,158,139,138,102,174,213,98,146,64,91,147,87,	0,471,1504,2300,2729,2909,3450,3894,4551,5199,5374,6014,7366,8122,8427,8678,9469,9913,10328,10882,11727,12280,12479,13012,13535,13930,14233,14750,14960,15335,15899,16240,16857,17177,17335,17615,
chr27	4121044	4129775	NM_001198752	0	-	4123344	4129705	0	3	3365,50,80,	0,5058,8651,
chr27	4136996	4151539	NM_001006335	0	-	4138269	4150738	0	11	1485,211,102,173,172,132,81,105,44,51,58,	0,2292,3032,3627,5416,7101,8348,10301,13140,13735,14485,
chr27	4153994	4159597	NM_001195477	0	-	4154513	4159594	0	6	733,106,74,221,129,99,	0,2002,2272,3343,3799,5504,
chr27	4169345	4173459	NM_001277981	0	-	4169709	4173419	0	8	462,41,221,126,162,157,83,463,	0,1116,2075,2448,2656,2980,3334,3651,
chr27	4195251	4199677	NM_001001312	0	-	4195537	4199633	0	9	366,26,221,126,162,157,83,379,202,	0,898,1714,2070,2318,2895,3456,3845,4224,
chr27	4202588	4207251	NM_205009	0	-	4202833	4207140	0	8	277,29,221,126,162,157,83,573,	0,773,1046,1371,1647,2053,2546,4090,
chr27	4274001	4277832	NM_001001311	0	-	4274152	4277795	0	8	249,50,221,126,162,157,83,544,	0,738,1133,1442,1645,1938,2369,3287,
chr27	4280771	4284725	NM_001277984	0	-	4280885	4284684	0	8	212,38,221,126,162,157,83,548,	0,474,891,1200,1402,1776,2350,3406,
chr27	4298435	4300249	NM_001167735	0	+	4298558	4299515	0	4	154,164,102,779,	0,373,650,1035,
chr27	4311392	4318989	NM_001267553	0	-	4312756	4318982	0	12	811,39,35,120,156,343,10,29,156,239,256,153,	0,1364,1412,1563,1795,2172,4434,4444,4474,5083,5551,7444,
chr27	4327918	4332617	NM_001006334	0	-	4328583	4332362	0	9	776,201,163,90,86,47,70,99,258,	0,1003,1924,2517,2996,3528,3813,4262,4441,
chr27	4333121	4336883	NM_001277298	0	+	4333216	4336781	0	5	283,490,618,150,411,	0,472,1447,2670,3351,
chr27	4344210	4368712	NM_001030540	0	-	4344894	4364032	0	29	779,77,85,105,144,151,155,94,128,111,82,197,105,169,142,30,91,155,118,62,137,119,131,80,191,63,123,170,115,	0,976,1173,1742,2838,3552,4412,4819,5085,5561,6004,6252,6703,7227,9264,11099,12234,12702,13010,13292,13780,14357,15349,15987,16763,17569,18654,19663,24387,
chr27	4377952	4382889	NM_205050	0	+	4377997	4379861	0	3	48,670,1060,	0,1239,3877,
chr27	4385480	4406062	NM_001031502	0	-	4389468	4406044	0	15	4026,63,153,147,74,92,165,154,119,75,114,125,89,61,40,	0,4521,5080,5458,5986,6724,7212,7615,8099,9443,9978,10172,10816,20480,20542,
chr27	4406900	4409025	NM_001006333	0	+	4407022	4408104	0	3	216,242,1161,	0,289,964,
chr27	4472881	4477359	NM_001318408	0	-	4472881	4477359	0	10	180,97,191,167,53,257,183,127,117,117,	0,409,696,1144,2882,3126,3464,3733,4117,4361,
chr27	4486260	4487253	NM_001010842	0	+	4486525	4487107	0	1	993,	0,
chr27	4489015	4492769	NM_204525	0	-	4489619	4492762	0	5	720,94,123,152,173,	0,1110,1944,2377,3581,
chr27	4507695	4509553	NM_204185	0	-	4507817	4509503	0	2	550,60,	0,1798,
chr27	4512997	4513071	NR_162021	0	-	4513071	4513071	0	1	74,	0,
chr27	4528596	4540040	NM_204779	0	-	4528796	4533565	0	19	327,108,52,171,131,95,207,93,123,88,180,156,152,131,175,90,157,138,260,	0,395,809,1017,1437,1634,2057,2393,2650,2968,3150,3399,3623,3848,4047,4427,4590,4841,11184,
chr27	4531651	4531719	NR_162022	0	-	4531719	4531719	0	1	68,	0,
chr27	4550151	4561784	NM_001030931	0	-	4551727	4560448	0	27	200,1416,113,43,174,11,21,140,95,53,136,99,84,48,94,30,60,93,159,152,95,82,96,99,145,147,174,	0,216,1729,2132,2398,2581,3213,3605,4044,4227,4485,4735,5197,5546,5678,5908,6188,6958,7174,7832,8191,8718,8895,9308,9546,10169,11459,
chr27	4567081	4582516	NM_001001471	0	-	4568773	4582366	0	3	2025,312,570,	0,2046,14865,
chr27	4585403	4607653	NM_204724	0	+	4585633	4607653	0	21	26,142,79,98,129,83,127,83,94,213,151,140,158,91,119,217,108,108,18,118,173,	0,205,529,917,1558,6362,7290,8652,9432,10884,11757,12100,13008,13603,14441,14877,15643,18973,19677,21501,22077,
chr27	4613603	4616680	NM_001030930	0	+	4613603	4615123	0	4	102,100,202,1614,	0,244,775,1463,
chr27	4667599	4669023	NM_001105610	0	+	4667607	4669023	0	4	69,111,103,256,	0,806,997,1168,
chr27	4693709	4698493	NM_001006332	0	-	4694145	4698427	0	11	605,143,61,150,147,195,137,91,59,65,193,	0,953,1573,1719,2349,2703,3403,3852,4323,4452,4591,
chr27	4698667	4705376	NM_001012550	0	+	4698746	4703705	0	11	121,33,63,105,49,113,69,68,55,87,1752,	0,664,1011,1580,1986,2656,3304,3818,4030,4343,4957,
chr27	4726405	4731152	NM_001328355	0	-	4726749	4731054	0	12	480,95,55,92,67,131,117,157,58,164,72,137,	0,641,1194,1854,2110,2341,2663,2877,3386,3791,4455,4610,
chr27	4731253	4733274	NM_001328354	0	-	4731470	4733188	0	7	229,54,90,99,67,114,94,	0,406,548,981,1276,1450,1927,
chr27	4733340	4737061	NM_001328352	0	+	4733386	4736401	0	5	364,159,199,108,1526,	0,1067,1435,1845,2195,
chr27	4737557	4739819	NM_205337	0	+	4737684	4739777	0	5	25,83,170,111,91,	0,125,448,1212,2171,
chr27	4765746	4779182	NM_001252123	0	+	4765746	4779182	0	5	102,88,110,135,249,	0,183,10346,12536,13187,
chr27	4789796	4810155	NM_204169	0	-	4789998	4809054	0	22	312,61,74,55,84,41,78,88,326,175,86,3354,116,46,106,146,89,81,54,100,59,29,	0,1358,1815,2239,2683,4080,4448,5315,6846,7943,8853,9658,13516,13883,14860,15904,16138,17044,17399,19178,20176,20330,
